#	AA	AC	AG	AT	CA	CC	CG	CT	GA	GC	GG	GT	TA	TC	TG	TT
F-roll	0.04	0.06	0.04	0.05	0.04	0.04	0.04	0.04	0.05	0.05	0.04	0.06	0.03	0.05	0.04	0.04
F-tilt	0.08	0.07	0.06	0.1	0.06	0.06	0.06	0.06	0.07	0.07	0.06	0.07	0.07	0.07	0.06	0.08
F-twist	0.07	0.06	0.05	0.07	0.05	0.06	0.05	0.05	0.06	0.06	0.06	0.06	0.05	0.06	0.05	0.07
F-slide	6.69	6.8	3.47	9.61	2	2.99	2.71	3.47	4.27	4.21	2.99	6.8	1.85	4.27	2	6.69
F-shift	6.24	2.91	2.8	4.66	2.88	2.67	3.02	2.8	3.58	2.66	2.67	2.91	4.11	3.58	2.88	6.24
F-rise	21.34	21.98	17.48	24.79	14.51	14.25	14.66	17.48	18.41	17.31	14.25	21.98	14.24	18.41	14.51	21.34
Roll	1.05	2.01	3.6	0.61	5.6	4.68	6.02	3.6	2.44	1.7	4.68	2.01	3.5	2.44	5.6	1.05
Tilt	-1.26	0.33	-1.66	0	0.14	-0.77	0	-1.66	1.44	0	-0.77	0.33	0	1.44	0.14	-1.26
Twist	35.02	31.53	32.29	30.72	35.43	33.54	33.67	32.29	35.67	34.07	33.54	31.53	36.94	35.67	35.43	35.02
Slide	-0.18	-0.59	-0.22	-0.68	0.48	-0.17	0.44	-0.22	-0.05	-0.19	-0.17	-0.59	0.04	-0.05	0.48	-0.18
Shift	0.01	-0.02	-0.02	0	0.01	0.03	0	-0.02	-0.01	0	0.03	-0.02	0	-0.01	0.01	0.01
Rise	3.25	3.24	3.32	3.21	3.37	3.36	3.29	3.32	3.3	3.27	3.36	3.24	3.39	3.3	3.37	3.25
Energy	-1	-1.44	-1.28	-0.88	-1.45	-1.84	-2.17	-1.28	-1.3	-2.24	-1.84	-1.44	-0.58	-1.3	-1.45	-1
Enthalpy	-7.6	-8.4	-7.8	-7.2	-8.5	-8	-10.6	-7.8	-8.2	-9.8	-8	-8.4	-7.2	-8.2	-8.5	-7.6
Entropy	-21.3	-22.4	-21	-20.4	-22.7	-19.9	-27.2	-21	-22.2	-24.4	-19.9	-22.4	-21.3	-22.2	-22.7	-21.3
