Dinucleotides	AA	AC	AG	AT	CA	CC	CG	CT	GA	GC	GG	GT	TA	TC	TG	TT
PC1	3.18	3.24	3.3	3.24	3.09	3.32	3.3	3.3	3.38	3.22	3.32	3.24	3.26	3.38	3.09	3.18
PC2	7	4.8	8.5	7.1	9.9	8.7	12.1	8.5	9.4	6.1	12.1	4.8	10.7	9.4	9.9	7
PC3	-0.08	0.23	-0.04	-0.06	0.11	-0.01	0.3	-0.04	0.07	0.07	-0.01	0.23	-0.02	0.07	0.11	-0.08
PC4	-1.27	-1.43	-1.5	-1.36	-1.46	-1.78	-1.89	-1.5	-1.7	-1.39	-1.78	-1.43	-1.45	-1.7	-1.46	-1.27
PC5	-0.8	0.8	0.5	1.1	1	0.3	-0.1	0.5	1.3	0	0.3	0.8	-0.2	1.3	1	-0.8
PC6	31	32	30	33	31	32	27	30	32	35	32	32	32	32	31	31
PC7	-6.82	-11.4	-10.48	-9.38	-10.44	-13.39	-10.64	-10.48	-12.44	-14.88	-13.39	-11.4	-7.69	-12.44	-10.44	-6.82
PC8	-18.4	-26.2	-19.2	-15.5	-27.8	-29.7	-19.4	-19.2	-35.5	-34.9	-29.7	-26.2	-22.6	-26.2	-19.2	-18.4
PC9	-13.7	-13.8	-14	-15.4	-14.4	-11.1	-15.6	-14	-14.2	-16.9	-11.1	-13.8	-16	-14.2	-14.4	-13.7
PC10	-0.9	-2.1	-1.7	-0.9	-1.8	-2.9	-2	-1.7	-2.3	-3.4	-2.9	-2.1	-1.1	-2.1	-1.7	-0.9
