Trinucleotide	AAA	AAC	AAG	AAT	ACA	ACC	ACG	ACT	AGA	AGC	AGG	AGT	ATA	ATC	ATG	ATT	CAA	CAC	CAG	CAT	CCA	CCC	CCG	CCT	CGA	CGC	CGG	CGT	CTA	CTC	CTG	CTT	GAA	GAC	GAG	GAT	GCA	GCC	GCG	GCT	GGA	GGC	GGG	GGT	GTA	GTC	GTG	GTT	TAA	TAC	TAG	TAT	TCA	TCC	TCG	TCT	TGA	TGC	TGG	TGT	TTA	TTC	TTG	TTT
PC1	0.1	1.6	4.2	0	5.8	5.2	5.2	2	6.5	6.3	4.7	2	9.7	3.6	8.7	0	6.2	6.8	9.6	8.7	0.7	5.7	3	4.7	5.8	4.3	3	5.2	7.8	6.6	9.6	4.2	5.1	5.6	6.6	3.6	7.5	8.2	4.3	6.3	6.2	8.2	5.7	5.2	6.4	5.6	6.8	1.6	7.3	6.4	7.8	9.7	10	6.2	5.8	6.5	10	7.5	0.7	5.8	7.3	5.1	6.2	0.1
PC2	0.05	2.65	4.7	0.35	5.5	5.3	5.3	3.9	4.9	6.9	5.05	3.9	6.25	4.45	7.7	0.35	4.75	6.65	6.9	7.7	3.05	5.85	3.85	5.05	7.05	5.9	3.85	5.3	5	6	6.9	4.7	4.05	5.5	6	4.45	6.75	9.1	5.9	6.9	5	9.1	5.85	5.3	5.05	5.5	6.65	2.65	4.65	5.05	5	6.25	7.7	5	7.05	4.9	7.7	6.75	3.05	5.5	4.65	4.05	4.75	0.05
PC3	0	1	1	0	1	2	2	1	1	2	2	1	0	1	1	0	1	2	2	1	2	3	3	2	2	3	3	2	1	2	2	1	1	2	2	1	2	3	3	2	2	3	3	2	1	2	2	1	0	1	1	0	1	2	2	1	1	2	2	1	0	1	1	0
PC4	-36	-6	6	-30	6	8	8	11	-9	25	8	11	-13	7	18	-30	-9	17	-2	18	8	13	2	8	31	25	2	8	-18	8	-2	6	-12	8	8	7	13	45	25	25	-5	45	13	8	-6	8	17	-6	-20	-6	-18	-13	8	-5	31	-9	8	13	8	6	-20	-12	-9	-36
PC5	0.06	2.64	4.7	0.35	5.49	5.32	5.31	3.92	4.89	6.88	5.05	3.92	6.27	4.44	7.72	0.35	4.76	6.63	6.9	7.72	3.06	5.83	3.87	5.05	7.07	5.89	3.87	5.31	5	5.98	6.9	4.7	4.06	5.52	5.98	4.44	6.76	9.08	5.89	6.88	4.99	9.08	5.83	5.32	5.07	5.52	6.63	2.64	4.67	5.07	5	6.27	7.7	4.99	7.07	4.89	7.7	6.76	3.06	5.49	4.67	4.06	4.76	0.06
PC6	0.06	2.64	4.7	0.35	5.49	5.32	5.31	3.92	4.89	6.88	5.05	3.92	6.27	4.44	7.72	0.35	4.76	6.63	6.9	7.72	3.06	5.83	3.87	5.05	7.07	5.89	3.87	5.31	5	5.98	6.9	4.7	4.06	5.52	5.98	4.44	6.76	9.08	5.89	6.88	4.99	9.08	5.83	5.32	5.07	5.52	6.63	2.64	4.67	5.07	5	6.27	7.7	4.99	7.07	4.89	7.7	6.76	3.06	5.49	4.67	4.06	4.76	0.06
PC7	6.88	5.26	4	6.7	3.52	3.62	3.63	4.47	3.88	2.68	3.78	4.47	3.05	4.15	2.19	6.7	3.96	2.83	2.67	2.19	5	3.31	4.5	3.78	2.57	3.28	4.5	3.63	3.81	3.22	2.67	4	4.39	3.5	3.22	4.15	2.75	1.39	3.28	2.68	3.82	1.39	3.31	3.62	3.77	3.5	2.83	5.26	4.01	3.77	3.81	3.05	2.2	3.82	2.57	3.88	10	2.75	5	3.52	4.01	4.39	3.96	0.1
PC8	7.18	6.27	4.74	7.24	3.81	4.16	4.16	6.03	3.41	3.52	4.45	6.03	1.61	5.09	2.17	7.24	3.58	3.24	1.67	2.17	6.81	3.87	5.44	4.45	3.81	4.68	5.44	4.16	2.67	3.35	1.67	4.74	4.21	3.93	3.35	5.09	2.84	2.45	4.68	3.52	3.58	2.45	3.87	4.16	3.47	3.93	3.24	6.27	2.96	3.47	2.67	1.61	1.45	3.58	3.81	3.41	1.45	2.84	6.81	3.81	2.96	4.21	3.58	7.18
PC9	621.4	621.4	621.4	621.4	622.4	622.4	622.4	622.4	622.4	622.4	622.4	622.4	621.4	621.4	621.4	621.4	621.4	621.4	621.4	621.4	622.4	622.4	622.4	622.4	622.4	622.4	622.4	622.4	621.4	621.4	621.4	621.4	621.4	621.4	621.4	621.4	622.4	622.4	622.4	622.4	622.4	622.4	622.4	622.4	621.4	621.4	621.4	621.4	621.4	621.4	621.4	621.4	622.4	622.4	622.4	622.4	622.4	622.4	622.4	622.4	621.4	621.4	621.4	621.4
PC11	0	3.7	5.2	0.7	5.2	5.4	5.4	5.8	3.3	7.5	5.4	5.8	2.8	5.3	6.7	0.7	3.3	6.5	4.2	6.7	5.4	6	4.7	5.4	8.3	7.5	4.7	5.4	2.2	5.4	4.2	5.2	3	5.4	5.4	5.3	6	10	7.5	7.5	3.8	10	6	5.4	3.7	5.4	6.5	3.7	2	3.7	2.2	2.8	5.4	3.8	8.3	3.3	5.4	6	5.4	5.2	2	3	3.3	0
PC12	7.05	4.86	3.99	6.62	3.99	3.88	3.88	3.65	5.09	2.69	3.88	3.65	5.38	3.94	3.14	6.62	5.09	3.25	4.57	3.14	3.88	3.54	4.28	3.88	2.25	2.69	4.28	3.88	5.73	3.88	4.57	3.99	5.26	3.88	3.88	3.94	3.54	1.31	2.69	2.69	4.8	1.31	3.54	3.88	4.86	3.88	3.25	4.86	5.85	4.86	5.73	5.38	3.88	4.8	2.25	5.09	3.88	3.54	3.88	3.99	5.85	5.26	5.09	7.05
